 SetDesc: "DSS set of parton-to-K+ FFs at NLO accuray, 1709.07415 [hep-ph]. mem=0 => central value; mem=1-20 => 20 eigenvector sets (+ directions); mem=21-40 => 20 eigenvector sets (- directions)."
 Authors: R. Hernández-Pinto, M. Epele, D. de Florian, R. Sassot, M. Stratmann
 Reference: ArXiv:1709.07415
 Format: lhagrid1
 DataVersion: 1
 NumMembers:          41
 Particle: 2212
 Flavors: [ -5, -4, -3, -2, -1, 21,  1,  2,  3,  4,  5]
 OrderQCD:           1
 FlavorScheme: variable
 NumFlavors:            5
 ErrorType: hessian
 XMin:   5.0000000000000003E-002
 XMax:   1.0000000000000000     
 QMin:   1.0000000000500000     
 QMax:   316.22776443569910     
 MZ:   91.187600000000003     
 MUp: 0
 MDown: 0
 MStrange: 0
 MCharm:   1.3999999999999999     
 MBottom:   4.7500000000000000     
 MTop:   10000000000.000000     
 ThresholdCharm:   1.3999999999999999     
 ThresholdBottom:   4.7500000000000000     
 ThresholdTop:   319.22776443569910     
 AlphaS_MZ:  0.11799999999999999     
 AlphaS_OrderQCD:           1
 AlphaS_Type: ipol
 AlphaS_Qs: [   1.0000000000500000      ,   1.0524560587447302      ,   1.1097542775012197      ,   1.1724619722090917      ,   1.2412266759717889      ,   1.3167893394112502      ,   1.3999999999999999      ,   1.3999999999999999      ,   1.4905481738955613      ,   1.5905749853492119      ,   1.7013295678071487      ,   1.8242579702914226      ,   1.9610390622748248      ,   2.1136278477058852      ,   2.2843078923112485      ,   2.4757550002382853      ,   2.6911148276248396      ,   2.9340978277085994      ,   3.2090958321589467      ,   3.5213257496462038      ,   3.8770073896902155      ,   4.2835844108441758      ,   4.7500000000000018      ,   4.7500000000000018      ,   5.2605331206978736      ,   5.8465962593889511      ,   6.5217919677020202      ,   7.3025815468965360      ,   8.2089683709872610      ,   9.2653638172167430      ,   10.501689690208567      ,   11.954788421330891      ,   13.670235817643890      ,   15.704683032494064      ,   18.128897977229293      ,   21.031736180842731      ,   24.525353663667151      ,   28.752089074896155      ,   33.893602626301224      ,   40.183084775176553      ,   47.921666689314222      ,   57.500619180938408      ,   69.431579055636533      ,   84.387984145428106      ,   103.26226951337199      ,   127.24538747287632      ,   157.93818341628253      ,   197.50858021588184      ,   248.91515890212784      ,   316.22776443569904      ]
 AlphaS_Vals: [  0.45172275467310469      ,  0.43377862332850547      ,  0.41674900821102207      ,  0.40056673756117306      ,  0.38517151882499967      ,  0.37050904717519711      ,  0.35653025195772975      ,  0.35653025089429569      ,  0.34456474749902899      ,  0.33303796044792355      ,  0.32192969248473391      ,  0.31122103951772806      ,  0.30089428128897616      ,  0.29093278280353368      ,  0.28132090569092622      ,  0.27204392834434132      ,  0.26308797383467952      ,  0.25443994472618880      ,  0.24608746403134368      ,  0.23801882163787413      ,  0.23022292562284333      ,  0.22268925793942296      ,  0.21540783403830505      ,  0.21540783400959607      ,  0.20931284505578562      ,  0.20337213729285528      ,  0.19758253713972324      ,  0.19194090942918549      ,  0.18644415790198179      ,  0.18108922564323102      ,  0.17587309547693064      ,  0.17079279032037983      ,  0.16584537350020484      ,  0.16102794903151199      ,  0.15633766186155573      ,  0.15177169807919552      ,  0.14732728509131376      ,  0.14300169176728478      ,  0.13879222855251072      ,  0.13469624755198134      ,  0.13071114258476343      ,  0.12683434921028414      ,  0.12306334472723833      ,  0.11939564814592162      ,  0.11582882013477007      ,  0.11236046294186856      ,  0.10898822029217720      ,  0.10570977726121591      ,  0.10252286012593806      ,   9.9425236193521879E-002 ]
 AlphaS_Lambda4:  0.43874821446621259     
 AlphaS_Lambda5:  0.22638462592339001     
